$ANSIBLE_VAULT;1.1;AES256
31323065626231383737396566613939376635396364656636353566386564333733343735663733
6364316161633139626564376333373437653838376161360a353335633630663930353430643431
61633336663065393233363238646132626461646262616431353566343137646361656163653538
3466343035623534370a343965343633313032643132646666643635313365613936626631386134
34343466326163316435326437313061346135336264623932373537356434333335613839313334
63663438343435353961623033333464353165333230306333656364653263396462616264326631
66636532633637303431386539373432666334353536633935396361316363366362343133303661
66356335616530623039613738396234393937373262346662663366653134666561633662633933
62373936303830373732356562356232356665303764306332666435353963383032636536373831
63353865343931633863326338623337383738643465643432363461383864343439653365313430
35633936303937386632333836393532383330633461666361303465343264623662626563643439
34666566613239393364626365623365343836643264643832386237363635323964616335656262
36353338303036663761303663373430353531363864626562643764373962633666303936353039
31323933656662396533353235616262313035353564303239306236363362323137313736363764
32336162623265306630653231356364376538643938393465303633386332363664623765636432
37663037303336623038313338646234363466373937306362613664636564303565303932323866
65653133313337323637636237366662623431396364616235653262613765613338303261323434
34613265326561346134613362653134636465303834376534353764393737636338303831396333
36646437353162376238623262643862376661663361343765663861396433373864323839636333
37323832626663663163623364633165663030343737386566663463616366306562313366343939
38383430383765386562383262626264356263316464613963316339303230386338666131316334
63653265623533653164393332623564336134363062666132323433346434313561323931353632
38376132663138633463396531633334393030353932306239353761346136613931356234353432
35353765653463626531346139633861303934616663643661383934353039343665323034356536
31666336313438343966346537373765663533626139316138343730326639316162383662306134
30386331376337326636643539633361653332303934396666393731306630313864336536613638
31313332366339623163623034393139666163653537613632386339313935356439306534613038
65613561386662623961366466663831383031316462373434383663623936643537333931393032
64353930336232646162356462373036303866346661633330626564396235636161383433636162
66353333646364303139376364393364396335653839363033623133653537343538343737376535
31393263626566393664333735346635663238333164336262313834323530623161656235393435
33313565633531626463313233313238313261303466366565306136316233623939336630646632
34326538373335623533396332633761393662643135306534373334656634366535363936366664
39613335303966383435386165313030363864343239653630353364353939303132356562623765
34313364346264346539393536666431353362356265626539393534666363396436376265666233
32346639393664323963323463643165353932643034643166313530333964636636646165326638
31346339326365366131346230393563386362313435633462323032616335613232336235356633
38323739646136386239616630333336613936643837616264393465623365356233306564623432
63623362363161316163646163623438313263313664323861306632663039376131396131363839
38643261643062323166386231613739376131373462363439326565343664613066376266636431
34353633313236393339613662396365633664643531636537323432653436383533653666383337
62363835313961613838353064626435386138383430633834373862643861333637356532363461
37663032323465653931333538383436643138666362356239333330393362656633636536646333
36323964393365383035346666633365353536346635666162353861333362633037346262383838
35666262633038386362623266663637643730326330336362343938396330343235313238303564
38386665613439623030636461336639376439363162646332346133623535366263343835366438
31323236626561656161303336626635653962376136613633383433303036383334633033396534
35626363333066386132623139646138343265393430366331346632633731626439386238633364
63353234653461383339636138363364643230663331383236363464336637303433303533316562
31633936356232306635373461643633653263336533616430303133626534646433373131643534
31366531333932396230643762333836643035623333633035626530373165643366373230613135
32343735613436376662633366666438653662653164396261356663383264383534386331633230
65333830626139333163383834353335663536656536383865343535383636383335613866383537
62363131303933653164336263346165643464666162613235623564613235653534353366376138
31333835353330393831396561643330653433303261303039623336633637623335663631386661
65333761373135643234376365666361343237316338376631366431643462343938313336393635
32343832333030346365303731323663356164636337663961663138356664303962663234333439
65353963653739343266653633346430373435336130633161636231623663313161623064376662
66663765626662323063353934663666316130646131623535333961323764346432633361333834
64333435616564303732383163363332393431633336646532623935636165383938323531373764
34663266383463353934666637336363356466663666623663623732633766346431313163643563
30626638383837306434346634356130663433626333623932383238353333346539326665326563
37376663373766313038636435396430636266313365333662353633356265643361643337386466
65386165316137306230333437613734356465376364316337626264653833663063663635633039
38623234303030363761396232383965306338643165616466363466346335343435643137333764
38353566633534316362393437626631626539613533333465653230343033383438633738653064
62643866653262386430633534653330366438616230316230646361333966323961346632653330
38336233666164383338346565336665643534326630346565623336323766636235386264333034
65636136383666343032356232616237316366383234323962386135376338343136303761616634
37613437353363316235343837373839313335656265336237376230636634643565303934643462
64333631303566383432656330386138333034646537653934653261303830303535653939386330
35623034646336393333616565613538313134303932346236613061343738393863333566396537
31366462643061646262663866373937633530633931393863326639343162336637333861653532
36323332333336303361373037333638303535343331346139363533343231363833373234326135
63636338386263356638343734383765303464653965666264376533316138383763333261326530
63383630323234333930396335616133373638323734663137363435373561646535343939633033
39313563323938336134356436646164656464396430643763353530316530646233353333343363
32313430623533383834383263376136363466666637343136383837663566343833313030653731
36656236356266306438316665316636343539346635393431636465613336653334356332373036
39343966663930363738613766616164643337363264316130633933313465336239653865323632
30303531306234656466643662633264643864643966643061656139323438626164353736303734
34623861326662363462393332633434343163643062366235623531353536323935303238353362
31323338653933666565393531633131656136313134363166393339656361613335316439383866
30353664646639393631396564663933353635633661363633383661623366323638373332346639
31616333373730663531663135353861306433666666396330313666366130353637616431383233
34656662326564313431623335383133353964616363646566633764653265333635653463636464
66633566333733663961373064633636383965396434383831383066393664383639363332346134
64626564353639653266
