$ANSIBLE_VAULT;1.1;AES256
66616464356432333162396562353037373561616530366264663139336535383562336231643030
6561656365373465663739663331323736626435613030330a326539333736393365396134623930
39646265313132343438336432663263643133636630386336313136313839643134636631396334
3338623463393939330a383333326562616564316366356431646534656332383731346266336537
31326138623133326632663064326664626135333130663765313862643963663066363837633837
34613034653762346464396665633261346364326133653931336433386261653065633631646464
35313366666462333665396562323533666161363438393139623430626261613433373139326430
33643434373933333534393262346165663666306330633836383131643538633964633034343765
34616430616461303966663364643663303638623064636538623764393534623933666266643834
63376561313136393563663932366637356661616332633437313166643038396534646565306537
35396664303163646661656565643666613832376537613635643566623766336565326535396630
33313533356530343333626139396335393539623437353138393965653230306435623932653162
37373164386463663961643461376239336163396336663563623630376538323135636264633062
61333435343335316238613639353234336261373134306639363036616630613435666333616138
31303035613466386334333562313939653838336633653431313637613330363162613834643730
66376232373938373736336538343063326634346135323663346535396564363737623235383734
36653438383837306435363365643261353164313735613832303761616130393833643364613534
30643730636366323231633165626466356636363063346364633637373466353738363066353566
34346631326431346366613563353237333365303334613133396164343865636531383362633536
39626430323236656634663637626234346234323762653839313032333561333539633663363465
30323534373065356134323962616431343565363231336633313661316434653166343462663831
36303263636231646562613130666461393233363039623133653732396565396663326132396463
31336536666161643463396638376237613632653430316438666166663065656234383730363534
62363563643939656438386664623763366138383435313135666537316563623534306162393463
66613230343532666164386132613666376138336365383133653239316164623332366462373261
35393535643038613232393566643066323964363030613166633862326333343739633162363130
35303734393536346464356533353233323863616463653734613562393666616336346163363334
35636634653432393863346233396534616634303030643431646537623337643062376330616134
65386265363366326664373038346465626434336133626330636134623238383964343863643833
31663737643036653465393064656237333464656136383163383137386534343535373636636562
61323166363864326131653635353262356238326333623263333339393362643334363238313664
64383934373537663838393738373835636233633930303138396135313039343563663739396464
32373339343138323539353233663730376533313434323365363337353432646261386137343462
65393533303734373332306564323561386564623032363666643461336531366363313263353933
64353162616234336135323932383038383735343236373137383132656438343532666535656363
32373930356530373138306631323231646338643865313431306639656137623734326238613531
36333530356566656662323663393566326236386665373036666336353962323364346135386535
61623537643336613264643838393539383431613163653265623334656336353239623736316161
63656264643031666432636266396665353930626134383833616139343361383034663835336232
36643230323332616137353937373636386337613564343533376431393139363964393230303030
62626138346264383863616131353435316330356631303934303965313061323737393939663838
37653431386462643163343763316639353364386163353461633736333664343330353136356538
34616431366339643765353765386136656365383733663538666366343032646234386339343039
65333866643166666338333634663065356238616264663666313934323964616331613663323533
34663530653563653831376662343833333562653134326236353066616534656637663164303564
32386531613439373931646364613035643161363865383466663561316535393538613663643538
63323836393737356537623335393032633532653231653163306632353133643831663037356333
37366137363234383533633038656136653835373334633439313364613666383462623835383264
37323531353338323335383664653235393762626230353266663661656132373234333961303562
30363662633464326636383534313636656436386436373932633139643731356230636533353264
37336537353662353835346662636265623366666464656161613261383163363365613832653363
35363936303135313533623765346664623434643561356131303630313463373537316264336539
39373766643639613734333838656366396564363631653935643835303239363039393066363232
61613565646138616433643235363532613336643635656262623161353039626463336366613638
35653234393538646433373463373632626130336466326436343035616565666562343737663232
32653333396135326164623639376536353966303339373633313438336338363633386432386532
65396139303063313866656261396431363430316331313430313932663839383738316436353961
31376564663938346536353333626539366661613361353466306266633366643361616630383435
35383039386662373064366263646366636634363438376333326463303233616663616661613531
64643933633934343563313762666636306330646139373133316538366239356333636339623738
31613136366235313638316338383835373135336162643862333633636539303235343038633439
62326237623831306165623337643361643561346531626330666165393237623237376138343039
33326435613664646231323561636363363265356531666261333737663232343439643335353135
34313330323263393163343035613934326437316130383165373065646661316630633465383563
32646532623633346336313462333538333065386664376635393437626363363866303531626430
38343338643935353936303039373131336532386261613331386664353139646462386365653130
32616439623066336461653066633539353531333362653865663135343466373532396432383035
32656166613234323265303164353331653335326338653530656336326231613339353833613963
61336265363531353265366130616337383262353938316438663233346138653639653430373066
37336565366532386533383139396532613235306432623339363733343765643264346331303131
34616565646439643133393935653431363939636163313266636237303536633137343963386138
31613938333537333366353731393930363934346235396237653536363366333833353633316462
36653735626632336536643762623866343633373761306463386266306532373036323930613132
38376539623964333734656237313666623238633066376265623233383739343363313532666334
33376263373332333233373163646435303837373039623339343166653535313866333563353439
66653362613031393362383936663238623966313531366437653162626133623733666362316537
36316164393830306130356635323434386336643538623762326437363363636363343336303732
35613265363964653732396465663139363438316131333339643738343138363135383232653638
34623233303734313934393064376264663437363234636635663137646564616339346438666334
36353636396163343834613337326464343934376639363230393163653733313430343836633765
62643638396263623137336361653832666331343163346666663664396438336166613737356635
64313061626563663936366663373262303734333536333234633538363030353061346135626639
64653635393634643966376536303831666566353335656339303164393833313362633364333465
62303862383339373537633630343661306361376239383430653562626439393861356434653563
33643535343830623665356236373731386136336637383338323739653861363264633734663638
34323933636533383666336562303739653535373031663665373434363061396266376131313161
30383532306533336631393635643966343735653632396134346564363234613138643663303136
61313339623539333633
