$ANSIBLE_VAULT;1.1;AES256
37656437363537396333393563626339343363343430366233626439626332643862663434613735
6133626130356562613535386239386435366131396131330a356136323861353862656134613262
39656362383832663133336437646565386233643434623136346134646537313166366331343630
3231366239646237650a613564306164616634373063303739303538633964613931626162313231
33353264356138373832623132613330623032373930363234633131386563336164653163303134
36643364663237353766656334633436363333376364353435353865633131373162613363656262
61376135353766323930343363366439643730636534313539363735656339323535383331356531
65396330366163626432333134366438343230626233353464626438653362366538613837633938
34343965653936643132353531646562393135323033663436363262333035356532383133653838
37316366633834336462663634646638356432343730303163383533666537353466313163613537
33336538643333636466373063636163333764643238373238393931383633333265313030356434
36333532363765323066653766306261613634356131613539376134623931336361356264616363
31323137636236393062636265326635336565313733313461396230643433613266393735383864
31616630386164313564383864343834613665663435333565376338306236653462393163373933
66323162663638633161343862343164306663323365393730303036666630346633656431626266
35393963373862343233326431663730316636346334633737656339386533666165646430613137
31343061343839653132353337613561333835646633333537613233363662336234626466303831
64303063303032366139653136386665623031316266643635666365346566666566363766303534
38376331393635666464666164326635653939343935616362653937373439626535383461623235
64373937633534353732303737666234646564613464346639333338343863616163363033343964
32323738626639356338363331366262626465336135393634323731343036336637336534616361
35373262313038313739386464346363313934326432313335336462616462313065633731623739
65333637336565393062393162363135646131356261626230613834383939313762376434613039
39383665356461393230396666396634653530386138346434303132663762363865386232303031
37373033313734666564313435626166623836303166313136376466656166396261663834666336
33616638616564663138373261326436373763623365636132623933343862633635666635356564
35356462353038363631636533313034353963306533373639353636303864666634316231336430
34366634383639313763653464636436363131343766656464653932623039666235623065333466
63343134343762613036363063623539333230643865653264316539366631316532656137393962
32663034623866326663346437393663343238373964313736373661663866386162623964336633
30306232653839383965363632643164616537303565346266643538306333653836353239633439
31326335373338343231393433626166616236366363303533656261333739316438666633343738
38346332643837343563633365366137363561376334303935636331393666656561336333613761
62633130373865623332383362383630303231323939363035653563323534656663643235346666
39303736633830666130613465323430343331323535376236306334343164373638643835393636
37333961323735313730363263616332626138306433393962336137346366336166373435666536
65613933653135383537316434396637376630306336636633363431333337613136646630393537
63326233323566386562653162666234663536613663306537393038633564663838376139333962
34633261396239643334373164316634393262383734653939666233396636376230303261616232
34626333626362393332376265646230303739616161343833633033356366316138313137376639
37303161663731663731356136303634333462353665306534313964666630353734373933373835
31646430663365343162376664383164636632333765613465663033343666623331663830393364
35633935316262653634636631326335643264613638646239336361383066363230633062333232
64393263333565376335323261623532633636623934376661646161323738633531663662343265
31636133613131373965326133366435346263616165376130613539303238333331636164643462
61306661393265613035643538653462326533343765343839653538366564366439323235653437
37386566393461663937653633393964613164626636313531656535393162316538356663363332
64323131636164306637646335343835313938333938336466306263643733373137336530616635
30623136306335623631386436626462303834646365656662663635316266323464393764353164
34633561613964383364326334363536626239313232303864353730646534396466386161336563
33633262303634653937613764643530356130623366656166383663643334396466643537386532
61626363653331613539303635393634353166383936326137336466656432383965333261653566
61663863343463376433313830326637613438396533383834333638306661623464326231313332
66613937653665373961313130323236323735373733616265353333633232316336306166663439
63336239386633366463346365616634393363306566663837663839646632653361343638313235
63373139396265346363316635323636376562613363356632346666316561313030653032613163
64366466353739623239653632616633363839653337646238306266323834373434653930333733
38373635313662616136643930303136306230333538383961383565343339356261386633323033
62373937626263616234636162323762316662643035356639366564316462313631336235353961
33666366656438366237343962386433323761313132616137383537386332613830383931393239
38643834643930353530633861663337656136626665343839663330303061653030616162316137
63613331333935336366303338376565646531303439666135343131613265633339613164633362
39376636313739623131393031383438386234373864333866623764383139376161626134316438
36336465653235383335666633346534373462656538326638393163633032393539363433383439
36666538386535643639373737396136366634353733393863333831343862613763666664633037
35643438333437653034663663613962333933303065323931353166653535343734376465373631
36323638363265303438343161333038393530653761653535303635623235313736666664313434
31373131613237333134343830313463323734626536653233313461373861643566383231383934
38373731643966633634633932656461376530343537346633633565313436653130313338336665
33373466383763376131323866366534633837643930336237613466663235393062626532613965
61396234613961373333373930346564353930633832616662656665343236633461303032383139
63393939653630616632626137363735613331356365376165366539336263663562613335666462
33646362663831386264303530393130633336326134343934653963633737353035656230323034
63616239313063313961353436353462303963333063643163353636653834656633393463303162
36623065313533376533666366383965343334373436333766343262616638333535396331333139
39343234633838643130353865356265336463663437613264323438613330353065626633623335
66323533626164336433323137353636333263376339393662376539626639323431663761633933
39383862303932616336643637636332373934333961623566303632343731653538346263303065
32323832646434656461353034636466343238656265303434666661363762663466666161313161
31363830623266376666393337386137323830666562613838663732343831356466616666663836
62646331336262346639666330333563353164386639666636613930353739346338366338653232
65353530326165393166376365363737336134383130616139373032323338306238373530393730
31323566643138393031333161656163646365653932663961383139656666393839316163333033
39326562316135383263633264666533366632393464613233653031396365633638353335303162
39623533623463613864353461626466653766613934303338636334663164656432396161616632
30633461626632636362656236303839646239643634393761346236306232633239333132633230
62616665353134373335313862303938326365383439633233366436356538323564646662623735
65393437356266373135
